%YAML:1.0
---
extrinsicTlc: !!opencv-matrix
   rows: 4
   cols: 4
   dt: d
   data: [ -7.8569631291193032e-01, 6.1806264895194596e-01,
       -2.6074237229535648e-02, 9.9315198703694944e+02,
       6.1841393868695715e-01, 7.8581381998552879e-01,
       -7.8000485533941087e-03, 9.9924264841726426e+02,
       1.5668577289685744e-02, -2.2253141132311017e-02,
       -9.9962957809153630e-01, 1.1507387598393637e+00, 0., 0., 0., 1. ]
RollPitchYaw: !!opencv-matrix
   rows: 3
   cols: 1
   dt: d
   data: [ -3.1193349426127148e+00, -1.5669218477745314e-02,
       2.4747732061542043e+00 ]
txtytz: !!opencv-matrix
   rows: 3
   cols: 1
   dt: d
   data: [ 9.9315198703694944e+02, 9.9924264841726426e+02,
       1.1507387598393637e+00 ]
