%YAML:1.0
---
extrinsicTlc: !!opencv-matrix
   rows: 4
   cols: 4
   dt: d
   data: [ -8.1233493492600742e-02, 8.1518405903404600e-01,
       -5.7347717429010581e-01, -4.9552748565283877e-01,
       -6.6845666191884956e-01, 3.8222949520879379e-01,
       6.3801747948527199e-01, -1.0744568770813481e+00,
       7.3930156950414772e-01, 4.3517302638055094e-01,
       5.1386537773963337e-01, -3.4848733488543587e-01, 0., 0., 0., 1. ]
RollPitchYaw: !!opencv-matrix
   rows: 3
   cols: 1
   dt: d
   data: [ 7.0266943036204199e-01, -8.3203255728422221e-01,
       -1.6917272968488573e+00 ]
txtytz: !!opencv-matrix
   rows: 3
   cols: 1
   dt: d
   data: [ -4.9552748565283877e-01, -1.0744568770813481e+00,
       -3.4848733488543587e-01 ]
