%YAML:1.0
---
extrinsicTlc: !!opencv-matrix
   rows: 4
   cols: 4
   dt: d
   data: [ -8.0478712447723888e-01, 5.9117366358651546e-01,
       -5.3210748513392435e-02, 1.0024993397095624e+03,
       5.9132710385809706e-01, 8.0630138600292267e-01,
       1.4502798783732970e-02, 1.0024592950257637e+03,
       5.1477572965838755e-02, -1.9793292082513434e-02,
       -9.9847798426909951e-01, 1.3313658704725395e+00, 0., 0., 0., 1. ]
RollPitchYaw: !!opencv-matrix
   rows: 3
   cols: 1
   dt: d
   data: [ -3.1217717859452181e+00, -5.1500335537789432e-02,
       2.5079153190390540e+00 ]
txtytz: !!opencv-matrix
   rows: 3
   cols: 1
   dt: d
   data: [ 1.0024993397095624e+03, 1.0024592950257637e+03,
       1.3313658704725395e+00 ]
